9780023558306
9780024104410
9780024316202
9780030193378
9780030193743
9780030339813
9780030744679
9780070215795
9780070478497
9780071445856
9780072286410
9780072295474
9780072324068
9780072332179
9780072344028
9780072368246
9780072448900
9780072468366
9780072468380
9780072472271
9780072499056
9780072821253
9780072832518
9780072844030
9780072857757
9780072874181
9780072937329
9780072943160
9780072945485
9780073014661
9780073044538
9780073048277
9780073107653
9780073108742
9780073121659
9780073126982
9780073191881
9780073211589
9780073215754
9780073215877
9780073251639
9780073252919
9780073272962
9780073305431
9780073309491
9780073312651
9780073319889
9780073331607
9780073346939
9780073347141
9780073357331
9780073531960
9780073660073
9780077214845
9780077230968
9780077239695
9780077242534
9780077289317
9780077309428
9780077312367
9780077323134
9780077359423
9780120415540
9780120510511
9780120652020
9780120884940
9780120885084
9780120887705
9780121726515
9780121741518
9780122146909
9780123053404
9780123694638
9780123704832
9780123741646
9780123743886
9780123747655
9780123748485
9780124712522
9780125084659
9780125804806
9780125971324
9780125980517
9780125980623
9780125980630
9780125990202
9780125990226
9780127519661
9780130083692
9780130085078
9780130106490
9780130125347
9780130141576
9780130193391
9780130200716
9780130205919
9780130223272
9780130272959
9780130329295
9780130348272
9780130413161
9780130415219
9780130417893
9780130466532
9780130782014
9780130783837
9780130784216
9780130936578
9780131037915
9780131118379
9780131427068
9780131437456
9780131449220
9780131453401
9780131464131
9780131465329
9780131471221
9780131483163
9780131497559
9780131497566
9780131498556
9780131499799
9780131505087
9780131545885
9780131547148
9780131553781
9780131562783
9780131569874
9780131676091
9780131678316
9780131716407
9780131751392
9780131856622
9780131867932
9780131874398
9780131876217
9780131877061
9780131877115
9780131877153
9780131890251
9780131931671
9780132069519
9780132203845
9780132209144
9780132228978
9780132240017
9780132306379
9780132355230
9780132409353
9780132416924
9780132424332
9780134762920
9780134888019
9780135131992
9780136010579
9780136032601
9780136033134
9780136036258
9780136061397
9780136065807
9780136066002
9780136085362
9780136135852
9780136149903
9780136152590
9780136214670
9780137119615
9780137152391
9780138364465
9780138610555
9780155068155
9780155078970
9780160829734
9780192632692
9780195060133
9780195064650
9780195070682
9780195152968
9780195309232
9780195315103
9780195330717
9780198239598
9780198244028
9780198503682
9780198506263
9780198506508
9780198507024
9780198507659
9780198508564
9780198509271
9780198523413
9780198524229
9780198528944
9780198528951
9780198532422
9780198534990
9780198536932
9780198566540
9780198572213
9780198572220
9780198572244
9780198572251
9780199252312
9780199556892
9780201048544
9780201380279
9780201406863
9780201500370
9780201524888
9780201774719
9780202362816
9780205184606
9780205395088
9780205446094
9780205453634
9780205455300
9780205459384
9780205483877
9780205484225
9780205484935
9780205495979
9780205510672
9780205569380
9780205570690
9780205624096
9780205632497
9780205638000
9780205661336
9780205739875
9780205755615
9780230005136
9780230005143
9780230506466
9780230545625
9780230576094
9780253343970
9780256194081
9780273643333
9780275932732
9780275935696
9780275951726
9780306440595
9780306449642
9780306454615
9780306474286
9780313272608
9780313322099
9780321194367
9780321286727
9780321365132
9780321369284
9780321375599
9780321393616
9780321422095
9780321426598
9780321433794
9780321434258
9780321434517
9780321460929
9780321462572
9780321500243
9780321500458
9780321518187
9780321522917
9780321564962
9780321568021
9780321570444
9780321584755
9780321621412
9780321621429
9780321621436
9780321628947
9780321656025
9780321662699
9780323035934
9780324020830
9780324048681
9780324223880
9780324225532
9780324226454
9780324233223
9780324312652
9780324360684
9780324381436
9780324568608
9780324569490
9780324594270
9780324598278
9780324658378
9780324783247
9780324783513
9780333629680
9780333994108
9780333994115
9780333994122
9780333994139
9780335222193
9780340593264
9780340662304
9780340741498
9780340809983
9780340814932
9780387001364
9780387001609
9780387002118
9780387004259
9780387004549
9780387008943
9780387133416
9780387202686
9780387202709
9780387202754
9780387202860
9780387203294
9780387213378
9780387228334
9780387233789
9780387241579
9780387245294
9780387251158
9780387251455
9780387258799
9780387260228
9780387260457
9780387261096
9780387261423
9780387277301
9780387284545
9780387286594
9780387291666
9780387293172
9780387306797
9780387308906
9780387310732
9780387314099
9780387317410
9780387317427
9780387329031
9780387329079
9780387389790
9780387402703
9780387402727
9780387406077
9780387497044
9780387520131
9780387570457
9780387712642
9780387719382
9780387721583
9780387743165
9780387744025
9780387746753
9780387747309
9780387759357
9780387759586
9780387759609
9780387759708
9780387768953
9780387781686
9780387790534
9780387848570
9780387878362
9780387878614
9780387902104
9780387902623
9780387903026
9780387922560
9780387922973
9780387922997
9780387927091
9780387940373
9780387940397
9780387940717
9780387941615
9780387944098
9780387944159
9780387944210
9780387944289
9780387944524
9780387945156
9780387945323
9780387945460
9780387945477
9780387945583
9780387945873
9780387946108
9780387946184
9780387946405
9780387947167
9780387947884
9780387948300
9780387949178
9780387949895
9780387950075
9780387950167
9780387950273
9780387950365
9780387950631
9780387951102
9780387951638
9780387951669
9780387951690
9780387951706
9780387952321
9780387952345
9780387952406
9780387952840
9780387953137
9780387953823
9780387953977
9780387953991
9780387954578
9780387954721
9780387954899
9780387955414
9780387955568
9780387955780
9780387960982
9780387961446
9780387961835
9780387962634
9780387963846
9780387964256
9780387966823
9780387967356
9780387968728
9780387968995
9780387971780
9780387972848
9780387975313
9780387976556
9780387978499
9780387979748
9780387981345
9780387981406
9780387981437
9780387982052
9780387982069
9780387982168
9780387982274
9780387982281
9780387983158
9780387983547
9780387985176
9780387985428
9780387985909
9780387985954
9780387986166
9780387986210
9780387986401
9780387987354
9780387987392
9780387987798
9780387988078
9780387988191
9780387988641
9780387988917
9780387989532
9780387989556
9780393929720
9780395712313
9780395718025
9780395907689
9780412040610
9780412042317
9780412052217
9780412055515
9780412062711
9780412070112
9780412161605
9780412165702
9780412219108
9780412246203
9780412253409
9780412276309
9780412306204
9780412309908
9780412314100
9780412353208
9780412358906
9780412398605
9780412407109
9780412494406
9780412552700
9780412558504
9780412576201
9780412606403
9780412785504
9780412983214
9780412983412
9780412989018
9780412992612
9780415067126
9780415108355
9780415108362
9780415108676
9780415182751
9780415198875
9780415251723
9780415282505
9780415312448
9780415341042
9780415995658
9780444500793
9780444505521
9780444506146
9780444513786
9780444527967
9780444528018
9780444530493
9780444531247
9780444534385
9780444820914
9780444867261
9780444876294
9780444880956
9780444898043
9780470001820
9780470001882
9780470007181
9780470009611
9780470010921
9780470011546
9780470015629
9780470017616
9780470018750
9780470022979
9780470025666
9780470025949
9780470026373
9780470027783
9780470028193
9780470028421
9780470028599
9780470028643
9780470029992
9780470037010
9780470040010
9780470040041
9780470040058
9780470046081
9780470046098
9780470050958
9780470053324
9780470053577
9780470057247
9780470073728
9780470081471
9780470081860
9780470081877
9780470083413
9780470084069
9780470085035
9780470085042
9780470090169
9780470090435
9780470092378
9780470095713
9780470097298
9780470097793
9780470105825
9780470114025
9780470129906
9780470139004
9780470141151
9780470148327
9780470164969
9780470164976
9780470168349
9780470169926
9780470171554
9780470174463
9780470177945
9780470181669
9780470184011
9780470185896
9780470196212
9780470196243
9780470228395
9780470231463
9780470248799
9780470251614
9780470258309
9780470280737
9780470290880
9780470345245
9780470375518
9780470380260
9780470383186
9780470383377
9780470383421
9780470385517
9780470388006
9780470388051
9780470388129
9780470392225
9780470393314
9780470405093
9780470409015
9780470409275
9780470411698
9780470412107
9780470412695
9780470412701
9780470413296
9780470413487
9780470413876
9780470413883
9780470444665
9780470447505
9780470454602
9780470454619
9780470457986
9780470458518
9780470465462
9780470471951
9780470497807
9780470510247
9780470510872
9780470517369
9780470517666
9780470527498
9780470550441
9780470555798
9780470555897
9780470556047
9780470559932
9780470559949
9780470563502
9780470570913
9780470570944
9780470571255
9780470722107
9780470743041
9780470743850
9780470745564
9780470758052
9780470772713
9780470823675
9780470824245
9780470849064
9780470850794
9780470851562
9780470855027
9780470857564
9780470863596
9780470863671
9780470866979
9780470867648
9780470868133
9780470868140
9780470868881
9780470985816
9780471002550
9780471006268
9780471011712
9780471024033
9780471032007
9780471059097
9780471072041
9780471081081
9780471083153
9780471083177
9780471085355
9780471090236
9780471101352
9780471109914
9780471115915
9780471122104
9780471123583
9780471128441
9780471143291
9780471154075
9780471154105
9780471155744
9780471161196
9780471162032
9780471163862
9780471170778
9780471172000
9780471179467
9780471183860
9780471183877
9780471190455
9780471193654
9780471197454
9780471197751
9780471201700
9780471204541
9780471208273
9780471210771
9780471213956
9780471214878
9780471218746
9780471218753
9780471219279
9780471221760
9780471223375
9780471225898
9780471226161
9780471226185
9780471226192
9780471229025
9780471240600
9780471240877
9780471249771
9780471249856
9780471251842
9780471257080
9780471257097
9780471265146
9780471265726
9780471267355
9780471269502
9780471272144
9780471272465
9780471273981
9780471283102
9780471284055
9780471290087
9780471291169
9780471294146
9780471310730
9780471315643
9780471317111
9780471317333
9780471331193
9780471333418
9780471345824
9780471347712
9780471348436
9780471354222
9780471355731
9780471356295
9780471356325
9780471360919
9780471360926
9780471360933
9780471361640
9780471363576
9780471369967
9780471370383
9780471371243
9780471373537
9780471383765
9780471387718
9780471389262
9780471391043
9780471393672
9780471394341
9780471400554
9780471401421
9780471402268
9780471408291
9780471410898
9780471412557
9780471413738
9780471414421
9780471415404
9780471418689
9780471418894
9780471420279
9780471420996
9780471429838
9780471455929
9780471456544
9780471457206
9780471458418
9780471458920
9780471461241
9780471468158
9780471468424
9780471470175
9780471471295
9780471471332
9780471471356
9780471473244
9780471483502
9780471486954
9780471488552
9780471489719
9780471490364
9780471490555
9780471494461
9780471494645
9780471496649
9780471498803
9780471509165
9780471526292
9780471529125
9780471534051
9780471536314
9780471546412
9780471547709
9780471551775
9780471552390
9780471557616
9780471557791
9780471558712
9780471568810
9780471570820
9780471572787
9780471574286
9780471577546
9780471584940
9780471584957
9780471592129
9780471592136
9780471592815
9780471601616
9780471615187
9780471615286
9780471625902
9780471650720
9780471653974
9780471656821
9780471662914
9780471663799
9780471667261
9780471669838
9780471671725
9780471671732
9780471679325
9780471679349
9780471679691
9780471680277
9780471681601
9780471682271
9780471690740
9780471691150
9780471691167
9780471691174
9780471692805
9780471696933
9780471697367
9780471698685
9780471699460
9780471703549
9780471705635
9780471716426
9780471718130
9780471720645
9780471722298
9780471727552
9780471727569
9780471727811
9780471727828
9780471731917
9780471735472
9780471735564
9780471735571
9780471735779
9780471735786
9780471745037
9780471745839
9780471746485
9780471746966
9780471750437
9780471754954
9780471754992
9780471758341
9780471763833
9780471769859
9780471769866
9780471769880
9780471772590
9780471791270
9780471802600
9780471812715
9780471822165
9780471822226
9780471822905
9780471826682
9780471846802
9780471855477
9780471866817
9780471869085
9780471879572
9780471887690
9780471889489
9780471890454
9780471890553
9780471917502
9780471922957
9780471924166
9780471926207
9780471930945
9780471937579
9780471947530
9780471953333
9780471955221
9780471956686
9780471958154
9780471958161
9780471959250
9780471961970
9780471965381
9780471965831
9780471968238
9780471975861
9780471976431
9780471976479
9780471986331
9780471986355
9780471998907
9780471998921
9780486438696
9780495005834
9780495009757
9780495012870
9780495015086
9780495016526
9780495017585
9780495017639
9780495096382
9780495096559
9780495097082
9780495099000
9780495106838
9780495107576
9780495110811
9780495112075
9780495118732
9780495118787
9780495382171
9780495383864
9780495383932
9780495383949
9780495384960
9780495385295
9780495386940
9780495387534
9780495389538
9780495390879
9780495391784
9780495418351
9780495418368
9780495501107
9780495502180
9780495510017
9780495557449
9780495557838
9780495557869
9780495596523
9780495597841
9780495601432
9780495602187
9780495602200
9780495602897
9780495808909
9780495808916
9780495811251
9780495812203
9780495903918
9780495909682
9780495909941
9780521006187
9780521007542
9780521012300
9780521029735
9780521037549
9780521042178
9780521089784
9780521090322
9780521112680
9780521118521
9780521130073
9780521253260
9780521285902
9780521304443
9780521336581
9780521345354
9780521392440
9780521394598
9780521406055
9780521416740
9780521424080
9780521430128
9780521444033
9780521444705
9780521445542
9780521453592
9780521462969
9780521477444
9780521523448
9780521534284
9780521539371
9780521552899
9780521553599
9780521592710
9780521612333
9780521612340
9780521615259
9780521617109
9780521623872
9780521663496
9780521676373
9780521709583
9780521768481
9780521772877
9780521791687
9780521793476
9780521800099
9780521803564
9780521809726
9780521810999
9780521812511
9780521817912
9780521825061
9780521825856
9780521831666
9780521833783
9780521835404
9780521847292
9780521847667
9780521847674
9780521857000
9780521858526
9780521860390
9780521864701
9780521866552
9780521867566
9780521867634
9780521872072
9780521891080
9780521895279
9780521896191
9780521899048
9780534159009
9780534190507
9780534203702
9780534209643
9780534231361
9780534233280
9780534243128
9780534251222
9780534353704
9780534355852
9780534364908
9780534368883
9780534369576
9780534370909
9780534371111
9780534371128
9780534372828
9780534377410
9780534377557
9780534378059
9780534380205
9780534380588
9780534381301
9780534381578
9780534385705
9780534386696
9780534386719
9780534387778
9780534388096
9780534393052
9780534394028
9780534399337
9780534399429
9780534399511
9780534404734
9780534404864
9780534405724
9780534407148
9780534418205
9780534418700
9780534421489
9780534423810
9780534424411
9780534465483
9780534467197
9780534467234
9780534491246
9780534508838
9780534516925
9780534564780
9780534577803
9780534591182
9780534595081
9780534602680
9780534606275
9780534611378
9780534627942
9780534930844
9780534932992
9780534998646
9780538132107
9780547060965
9780547132495
9780547188997
9780566082368
9780618124053
9780618252008
9780618528134
9780618644605
9780618726615
9780618896967
9780618949922
9780618985982
9780631213055
9780669355130
9780673990853
9780674010420
9780674462250
9780691005218
9780691005478
9780691006444
9780691016450
9780691074290
9780691122557
9780691140629
9780716702252
9780716729747
9780716731405
9780716736271
9780716740087
9780716747420
9780716747727
9780716747734
9780716750079
9780716757238
9780716758815
9780716764007
9780716766544
9780716768845
9780716769125
9780716773092
9780716774242
9780716774631
9780716774785
9780716778714
9780716779315
9780716782803
9780716786368
9780716789802
9780716796572
9780727918123
9780735402355
9780735403918
9780735406360
9780750300605
9780750305136
9780750686600
9780757556708
9780761813323
9780761901082
9780761905998
9780761907121
9780761919049
9780761927723
9780761929871
9780761930426
9780761941378
9780761944522
9780761951629
9780761952015
9780761960614
9780761973225
9780761973843
9780761974758
9780761988540
9780763734916
9780763735807
9780763746995
9780763750343
9780763756208
9780765612397
9780766810921
9780766811553
9780773535398
9780780310513
9780781748407
9780781754590
9780786418954
9780786426522
9780786438037
9780787964139
9780787964580
9780789009760
9780789029874
9780791469750
9780792319221
9780792323853
9780792325529
9780792326083
9780792327202
9780792331339
9780792331919
9780792337645
9780792359784
9780792363309
9780792364139
9780792369523
9780792370161
9780792384397
9780792384427
9780792386179
9780792392125
9780802036032
9780803934214
9780803958234
9780803974098
9780803979178
9780803979185
9780803979826
9780805802832
9780805819717
9780805822236
9780805829600
9780805829617
9780805830750
9780805835090
9780805837766
9780805837773
9780805840186
9780805849448
9780805854657
9780805854664
9780805857399
9780805857474
9780805859010
9780805859034
9780805864571
9780813815879
9780815327035
9780817630898
9780817633868
9780817634575
9780817634773
9780817636289
9780817636494
9780817636579
9780817636661
9780817637446
9780817638078
9780817638917
9780817638924
9780817639082
9780817640187
9780817640316
9780817640415
9780817640552
9780817641634
9780817641986
9780817642006
9780817642143
9780817642464
9780817642471
9780817642754
9780817642891
9780817643614
9780817647483
9780817649234
9780821807491
9780821837320
9780821840894
9780821840962
9780821847923
9780821848210
9780824701291
9780824707248
9780824707637
9780824723156
9780824740672
9780824742706
9780824753986
9780824754006
9780824754693
9780824765439
9780824771614
9780824771799
9780824773298
9780824774196
9780824779528
9780824781231
9780824781255
9780824782535
9780824786441
9780824789664
9780824790295
9780824790370
9780824790783
9780824797638
9780826450753
9780830415090
9780838563298
9780838983522
9780849301322
9780849309434
9780849318849
9780849337994
9780849371684
9780849375613
9780854041312
9780854046713
9780865428713
9780872893016
9780872893597
9780873896375
9780873934725
9780883857274
9780890598573
9780898742329
9780934427203
9780965564380
9780976511304
9780979570407
9780979570438
9781402000409
9781402002991
9781402019166
9781402034183
9781402076794
9781402082016
9781403990716
9781403990730
9781403993823
9781403993922
9781403996473
9781403996480
9781405100236
9781405125260
9781405155731
9781405169028
9781412900133
9781412903769
9781412903776
9781412904124
9781412910538
9781412910545
9781412915175
9781412919302
9781412919319
9781412919487
9781412924733
9781412924818
9781412924948
9781412927147
9781412945295
9781412945301
9781412951500
9781412951517
9781412956574
9781412965569
9781412965576
9781412968249
9781412968836
9781420054897
9781420061475
9781420062069
9781420064247
9781420064261
9781420065213
9781420068726
9781420072631
9781420075755
9781420086782
9781420099607
9781428320895
9781429211567
9781429213318
9781429216210
9781429216227
9781429216234
9781429218764
9781429219747
9781429221504
9781429224253
9781429224260
9781429225915
9781429226301
9781429227988
9781429228084
9781429230933
9781429230964
9781429231961
9781429234467
9781429237024
9781429238755
9781429238809
9781429239301
9781429242141
9781429242936
9781429242943
9781429243438
9781429243445
9781429244442
9781429245197
9781429245678
9781429245814
9781429250405
9781429250566
9781429250580
9781439047798
9781439800218
9781439801260
9781441901613
9781441910899
9781441911049
9781555446437
9781560329800
9781560329817
9781561592340
9781563087011
9781563272974
9781572304840
9781574443127
9781574443141
9781574443158
9781574443165
9781575864891
9781575865577
9781578399987
9781579808037
9781580533225
9781584880073
9781584880271
9781584880301
9781584880462
9781584880592
9781584880608
9781584880844
9781584881094
9781584881797
9781584882046
9781584882299
9781584882718
9781584882725
9781584882862
9781584883173
9781584883357
9781584883548
9781584883883
9781584884057
9781584884101
9781584884248
9781584884255
9781584884323
9781584884330
9781584884804
9781584884811
9781584884866
9781584885306
9781584885450
9781584885665
9781584885733
9781584885870
9781584886099
9781584886136
9781584886310
9781584886334
9781584886518
9781584886525
9781584886976
9781584887119
9781584887393
9781584887843
9781584888123
9781584888147
9781584888918
9781584889625
9781584889847
9781589066571
9781590471487
9781590471494
9781590475003
9781590475669
9781590475768
9781590478868
9781593455064
9781593850753
9781593858698
9781593921507
9781594544743
9781594545382
9781596932340
9781597180115
9781597180139
9781597180146
9781597180399
9781597180405
9781597180412
9781597180436
9781597180443
9781597180450
9781597180481
9781598044270
9781598044836
9781598883053
9781599945729
9781600212628
9781602066960
9781604264708
9781604269949
9781604270082
9781841693194
9781843765936
9781845422011
9781845932756
9781847879066
9781847879073
9781848000025
9781848000476
9781848160316
9781848162501
9781848824904
9781852334178
9781852337612
9781852337636
9781852337773
9781852338060
9781852338688
9781852338923
9781852338961
9781852339968
9781857281323
9781858982205
9781858984360
9781860942648
9781862392083
9781884989186
9781905740000
9781919713311
9781930513693
9781933019055
9783034600293
9783110142198
9783110208528
9783540004738
9783540008453
9783540063582
9783540115014
9783540127185
9783540157045
9783540168225
9783540188148
9783540208327
9783540210849
9783540211150
9783540213161
9783540239734
9783540242239
9783540244066
9783540250333
9783540260691
9783540283287
9783540308416
9783540316954
9783540403357
9783540404644
9783540417088
9783540421399
9783540426660
9783540437369
9783540488620
9783540514015
9783540515487
9783540520139
9783540530268
9783540533481
9783540540625
9783540546863
9783540546870
9783540570455
9783540582083
9783540602705
9783540631903
9783540649137
9783540652847
9783540665939
9783540672753
9783540673941
9783540677369
9783540677505
9783540719717
9783540740100
9783540762690
9783540785712
9783540787822
9783540788584
9783540856351
9783540875567
9783540882725
9783540893318
9783639110586
9783639132489
9783639147902
9783639169249
9783639173451
9783639177046
9783639178647
9783639196078
9783639196948
9783642016882
9783642023798
9783642025464
9783642033100
9783642051555
9783764321697
9783764321871
9783764324285
9783764358877
9783764361068
9783764362089
9783764362157
9783764364304
9783764365752
9783764367053
9783764367213
9783764369217
9783764370008
9783764370701
9783764371319
9783764384579
9783764387211
9783790809824
9783790813265
9783790815184
9783790815269
9783790820614
9783838310671
9783838311135
9783838311401
9789024736270
9789027700124
9789027706164
9789027706317
9789027707444
9789027714275
9789027715227
9789027716743
9789027716750
9789027720894
9789027722539
9789027724960
9789027725479
9789027725806
9789027726070
9789027726872
9789027727572
9789027727978
9789027728081
9789048136148
9789051990607
9789051990867
9789051993264
9789051993332
9789054105657
9789056990183
9789056990466
9789067643511
9789089640529
9789210481205
9789210612098
9789211614718
9789220172476
9789220222386
9789220222393
9789264029460
9789264040540
9789810211134
9789810232689
9789810247997
9789810248000
9789812380821
9789812382016
9789812382887
9789812382955
9789812382979
9789812383952
9789812384270
9789812387394
9789812389053
9789812389374
9789812389749
9789812389763
9789812561473
9789812561831
9789812703910
9789812708014
9789812708519
9789812709400
9789812779540
9789812779830
9789812793089
9789812834102
9789812835260
9789812836533
9789812838230
9789814273626
9789814273701
9789814277259
